221,5
221,4
221,3
221,2
221,1
221,0
220,5
220,4
220,3
220,2
220,1
220,0
14,14
219,5
219,4
219,3
219,2
219,1
219,0
216,11
216,10
14,13
216,9
216,8
14,12
216,7
216,6
218,4
218,3
218,2
218,1
218,0
217,4
217,3
217,2
217,1
217,0
215,4
14,11
216,5
216,4
216,3
216,2
216,1
216,0
215,3
215,2
215,1
215,0
214,5
214,4
214,3
214,2
214,1
214,0
213,5
213,4
213,3
213,2
213,1
213,0
212,5
212,4
212,3
212,2
212,1
212,0
211,6
211,5
211,4
211,3
211,2
211,1
211,0
210,5
210,4
210,3
210,2
210,1
210,0
209,5
209,4
209,3
209,2
209,1
209,0
208,5
208,4
208,3
208,2
208,1
208,0
207,4
207,3
207,2
207,1
207,0
206,4
206,3
206,2
206,1
206,0
14,10
205,4
205,3
205,2
205,1
205,0
14,9
204,5
204,4
204,3
204,2
204,1
204,0
203,4
203,3
203,2
203,1
203,0
202,5
202,4
202,3
202,2
202,1
202,0
0,564
0,563
0,562
0,561
0,560
0,559
201,5
201,4
201,3
201,2
201,1
201,0
0,552
0,547
119,4
14,4
0,273
0,270
14,5
200,35
3,2
3,1
3,3
10,88
10,304
10,26
10,32
10,154
10,8
10,214
194,3
194,2
194,1
194,0
193,3
11,27
11,21
11,13
193,2
193,1
193,0
192,11
192,10
192,9
192,8
192,7
192,6
192,5
192,4
192,3
11,26
11,6
11,11
11,3
192,2
192,1
192,0
191,6
191,5
191,4
191,3
191,2
191,1
